10240423,904199639617
10699778,402199225589
10825231,109199437779
10932567,505199626279
11102798,705199459526
11184089,503199674388
11446160,808199646662
11947660,208199900002
11951809,708199103572
12007814,908199275838
12549015,203199155274
12693292,504199198043
13111672,607199190703
13305198,306199807198
13357874,703199931554
13413572,301199481008
13537713,705199666869
13631504,108199371253
13750470,609199697766
13785543,902199110406
13928440,702199581096
14032764,307199117539
14359432,105199669510
14768794,701199625757
14939156,702199278642
15066946,403199730437
15080203,105199224140
15178385,504199326868
15220870,401199643554
15517575,809199194302
15568731,202199101095
15600507,802199362943
15951982,107199868947
16849587,206199682471
17035387,202199119676
17386851,701199342489
17440445,907199440593
17471177,602199328279
17629803,401199294299
17956162,601199507917
17975945,104199492608
18136124,401199621609
18421178,209199983965
18652128,306199444697
18823351,608199955114
19502513,303199767032
19631646,704199783821
19719031,804199253322
19752829,304199527548
19871737,209199318574
20085000,209199497705
20125890,308199269575
20189782,303199194894
20366886,304199547444
20597850,108199398904
20952719,105199635342
21426873,108199697055
21719434,501199739707
21754825,206199104135
21871756,105199795621
22008766,601199530592
22273581,704199341303
22279350,203199824672
22305727,601199585326
22399337,706199893883
22399592,406199418197
22535838,608199888497
22695642,904199685203
23010524,108199558076
23290732,907199575614
23301392,608199128704
23552121,807199464717
23712059,308199186987
23858029,503199865834
24130244,607199948064
24144124,306199973131
24291238,502199618037
24470513,803199871859
24511625,103199689081
24736869,801199150867
25129835,303199693542
25256284,704199827627
25351113,101199407365
25443384,308199842392
25696267,303199564689
25993429,701199954608
26056935,801199918207
26156465,605199617238
26286285,607199190268
26548829,402199835922
26716842,608199334699
26938263,206199713280
27008584,108199651369
27154681,207199813143
27247947,303199920692
27885463,204199266494
27941266,604199627254
28474059,802199710897
28524441,608199182954
28628331,102199142397
28701457,303199734931
28730300,404199663130
28916130,105199148022
28934891,803199142017
29326592,704199644026
29496725,205199744814
30199970,905199384140
30362687,303199667169
30395496,201199956569
30727233,209199448719
31057624,205199210921
31224301,206199579065
31889578,704199125285
32291745,804199946507
32594988,708199166615
32672682,805199137986
32802997,608199265628
33767963,303199904883
33788009,509199954944
34334246,507199244165
34345172,307199369599
34398120,907199605471
34448524,902199816900
34810696,507199539572
35041278,208199419223
35071089,906199987174
35250215,306199539401
35274553,909199113487
35288842,604199877297
35491822,902199125324
35523801,902199476254
35581062,204199456421
35959742,801199855006
36051856,804199760209
36055590,107199435895
36327255,103199901107
36762351,908199137124
36811322,502199371685
37596756,401199151547
37646920,708199866133
37881901,705199401581
38060836,702199178333
38211632,405199699062
38228393,505199727884
38332514,308199863715
38431320,708199367107
38478719,707199636521
38959267,103199800110
39009472,704199736368
39153485,808199139014
39792011,907199719568
39841699,409199163296
39942073,906199866193
39987444,704199614505
40249983,109199172679
40539358,309199449252
40630196,402199592323
40644988,104199661864
40824186,502199716242
40893701,208199837548
41209016,605199601094
41477171,802199115139
41505539,609199986684
41630368,507199600728
41702857,409199374792
41890675,303199376983
42160454,108199411765
42302073,302199737109
42327726,702199375920
42400462,201199960177
42684081,301199900518
42793194,309199208475
42970635,602199108218
43392910,807199396153
43395612,904199378258
43459419,106199972369
43503119,308199517907
43642067,206199753861
43943921,305199297871
44077110,609199136984
44088256,404199263237
44163235,406199762173
44177787,501199530426
44326631,604199490655
44562043,806199715724
44590556,708199882412
44727705,601199520332
44941232,507199195225
44991986,309199844474
45052995,301199222230
45402579,902199881318
45436144,301199849802
45665617,607199863303
45836511,701199773402
46128435,806199993811
46181194,608199710812
46297912,407199258574
46303088,502199407464
46414016,501199475644
46462993,906199760237
46479445,508199954439
46886602,909199337555
46895743,505199954499
46897525,909199435806
46993204,406199840072
47069595,405199537800
47309801,504199374622
47329463,801199686819
47638397,609199569423
47686241,609199742602
48081875,507199680771
48167927,106199970545
48368678,804199359539
48513413,201199931019
48598987,403199231657
48962800,904199253943
49017271,109199653239
49143212,502199867582
49365849,209199516418
49504195,305199207808
49520807,804199616173
49870513,305199259057
50507345,706199102076
50627874,109199572284
50698729,502199125894
50860545,209199413808
51017029,505199570589
51268083,601199827628
51432239,406199391683
51810552,407199847143
51885504,203199969233
51909213,604199412908
51928507,109199179663
51946495,403199790216
52126554,102199617788
52186843,201199894766
52391568,707199976595
52583140,609199353054
52794428,406199392986
53150337,708199664745
53457616,603199128979
54051947,506199418049
54844299,802199499738
55107240,507199797772
55315152,704199646477
55532974,607199497897
55849076,706199555492
55970072,905199514123
56199694,905199812386
56352979,308199567610
56448119,703199915609
56536963,301199925103
56546909,306199688147
56744895,503199214437
56994496,906199188036
57107437,805199149979
57175600,302199611845
57199234,307199739438
57285628,904199213515
57813514,204199990471
58175789,905199867474
58371756,205199875235
58438876,608199682003
58444407,805199717120
58596303,203199387963
58670801,102199876743
58732719,906199207498
58916066,105199138378
59274675,104199366990
59584487,808199311365
59637040,508199686603
59751281,309199790003
59936166,604199640853
60018941,602199418630
60179455,502199106704
60606410,205199989817
60680557,606199336233
60844750,102199616898
60931092,609199433248
61113531,501199323139
61329228,409199237954
61460792,407199552363
61588405,609199692165
62030893,304199113196
62119900,202199795287
62460625,404199243657
62492735,403199171430
62585099,809199406440
62716908,101199721150
63148931,603199670336
63367284,509199766766
63462391,807199158879
63601127,807199891223
63888996,706199599795
64163548,705199141911
64221429,806199935123
64521963,705199134596
64672647,702199527428
65147618,309199921318
65343933,801199812205
65362018,409199262869
66333851,909199746411
66440906,105199751685
67082159,606199566617
67082218,503199996353
67194912,201199743604
67255074,404199701926
67628642,708199359094
67703748,609199729866
68388791,607199345805
68418022,108199673173
68512145,802199990554
68519257,408199400766
68798769,908199210739
69016796,508199520876
69148730,607199818103
69149321,404199301698
69294782,902199103163
69382100,105199213506
69575596,108199523710
69705185,606199333101
69824130,405199621821
70159438,401199865153
70335522,903199917849
70471736,202199533067
70585320,909199729026
70599334,808199718461
71179993,707199339097
71345404,707199640619
71365210,302199179579
71409676,602199406889
71428344,306199215644
71478505,907199393231
71568519,802199763551
71568998,903199138759
71886617,601199818197
72084524,404199492047
72128260,205199869975
72145247,901199403490
72232927,305199996035
72668711,905199400960
72972564,305199318720
73043192,803199163877
73279096,209199192498
73350727,701199770671
73726114,502199357249
73754699,104199547976
73953744,801199547352
74130560,504199478197
74188625,104199808335
74290538,104199434511
74417270,905199722939
74682448,302199889529
74824668,402199954433
75098609,304199996756
75281772,506199143852
75335780,109199224315
75381163,209199756858
75386925,409199475005
75577316,301199906245
75792283,907199277462
75793444,505199940470
75825626,701199681514
75959773,901199430573
75986742,604199544129
76152108,307199511191
76618197,609199968030
76877881,104199562756
77300225,905199236396
77627124,801199568058
78177135,309199887983
78941081,109199215448
79260897,902199166741
79563192,701199883722
79759892,409199514611
79769085,201199435714
79947940,806199204078
80022683,306199437275
80028578,302199988044
80060948,205199527964
80112733,807199970667
80165109,808199834463
80204435,401199176373
80240804,905199990555
80442627,902199989606
80524769,102199130898
80600303,208199453849
80670501,209199545340
80818360,308199181592
81140871,507199390718
81299806,506199235952
81307820,806199922471
81407246,707199557060
81572925,409199503889
81667739,105199984117
81699281,706199623568
82600773,506199994909
82740180,409199986288
82744614,906199711236
82815368,804199543191
82908028,602199289899
82928220,602199717500
83233342,508199498357
83401352,907199976453
83538384,409199696246
83623156,203199420560
83648032,608199146768
83701588,106199354323
83927998,301199157632
84291358,303199134738
84337852,306199293550
84562550,209199150458
84681720,805199800726
84700879,603199307022
85196732,106199797172
85292529,804199351408
85303884,101199513074
85319507,501199268914
85430585,208199709500
85694849,205199397654
85900561,404199953301
86072872,408199517047
86220405,102199192927
86300351,208199608841
86460561,408199137600
86575543,209199946100
87031299,801199651810
87165444,203199606807
87394206,909199518475
87895631,205199161055
88429667,407199514679
88683466,802199966559
88730570,503199359197
88746501,907199827583
88765891,202199448354
89397762,806199672224
89855240,403199387667
89894426,904199152466
89905574,804199572940
90098649,409199186256
90152314,303199764810
90164687,107199511401
90432418,302199231194
90491638,808199462496
90722258,407199777155
90906847,504199389711
90938114,403199257662
91245064,905199357893
91320356,908199994002
91688578,704199769284
91689219,308199548692
92171502,901199460169
92193518,109199865745
92254799,402199948010
92701116,307199229771
92754240,806199241127
92757423,206199793670
92862273,104199460642
93005732,303199325793
93047331,901199485606
93356459,707199919467
93370075,106199152459
93694483,906199586473
93825058,206199408721
93993642,402199729377
94058876,605199746032
94306724,606199731515
94345285,804199948394
94464025,308199624067
94590414,809199561904
94605864,805199487946
94757752,104199926194
94802107,301199467050
94957484,801199637964
95198293,205199269317
95214382,605199532568
95448228,301199471371
95536825,802199142744
96009959,909199902494
96049028,307199373049
96065203,204199756244
96273063,106199679774
96292964,208199684678
96356610,605199736487
96803036,401199614170
96812995,706199347285
96900170,406199128809
96921206,503199646575
97071687,203199259336
97136485,205199466468
97210776,203199996796
97628101,708199122767
97746490,205199679102
98164111,909199754641
98331576,807199841166
98738978,709199646574
99267028,905199825231
99533849,301199495817
99941830,107199844098
99984646,701199610846
