10240423
10699778
10825231
10932567
11102798
11184089
11446160
11947660
11951809
12007814
12549015
12693292
13111672
13305198
13357874
13413572
13537713
13631504
13750470
13785543
13928440
14032764
14359432
14768794
14939156
15066946
15080203
15178385
15220870
15517575
15568731
15600507
15951982
16849587
17035387
17386851
17440445
17471177
17629803
17956162
17975945
18136124
18421178
18652128
18823351
19502513
19631646
19719031
19752829
19871737
20085000
20125890
20189782
20366886
20597850
20952719
21426873
21719434
21754825
21871756
22008766
22273581
22279350
22305727
22399337
22399592
22535838
22695642
23010524
23290732
23301392
23552121
23712059
23858029
24130244
24144124
24291238
24470513
24511625
24736869
25129835
25256284
25351113
25443384
25696267
25993429
26056935
26156465
26286285
26548829
26716842
26938263
27008584
27154681
27247947
27885463
27941266
28474059
28524441
28628331
28701457
28730300
28916130
28934891
29326592
29496725
30199970
30362687
30395496
30727233
31057624
31224301
31889578
32291745
32594988
32672682
32802997
33767963
33788009
34334246
34345172
34398120
34448524
34810696
35041278
35071089
35250215
35274553
35288842
35491822
35523801
35581062
35959742
36051856
36055590
36327255
36762351
36811322
37596756
37646920
37881901
38060836
38211632
38228393
38332514
38431320
38478719
38959267
39009472
39153485
39792011
39841699
39942073
39987444
40249983
40539358
40630196
40644988
40824186
40893701
41209016
41477171
41505539
41630368
41702857
41890675
42160454
42302073
42327726
42400462
42684081
42793194
42970635
43392910
43395612
43459419
43503119
43642067
43943921
44077110
44088256
44163235
44177787
44326631
44562043
44590556
44727705
44941232
44991986
45052995
45402579
45436144
45665617
45836511
46128435
46181194
46297912
46303088
46414016
46462993
46479445
46886602
46895743
46897525
46993204
47069595
47309801
47329463
47638397
47686241
48081875
48167927
48368678
48513413
48598987
48962800
49017271
49143212
49365849
49504195
49520807
49870513
50507345
50627874
50698729
50860545
51017029
51268083
51432239
51810552
51885504
51909213
51928507
51946495
52126554
52186843
52391568
52583140
52794428
53150337
53457616
54051947
54844299
55107240
55315152
55532974
55849076
55970072
56199694
56352979
56448119
56536963
56546909
56744895
56994496
57107437
57175600
57199234
57285628
57813514
58175789
58371756
58438876
58444407
58596303
58670801
58732719
58916066
59274675
59584487
59637040
59751281
59936166
60018941
60179455
60606410
60680557
60844750
60931092
61113531
61329228
61460792
61588405
62030893
62119900
62460625
62492735
62585099
62716908
63148931
63367284
63462391
63601127
63888996
64163548
64221429
64521963
64672647
65147618
65343933
65362018
66333851
66440906
67082159
67082218
67194912
67255074
67628642
67703748
68388791
68418022
68512145
68519257
68798769
69016796
69148730
69149321
69294782
69382100
69575596
69705185
69824130
70159438
70335522
70471736
70585320
70599334
71179993
71345404
71365210
71409676
71428344
71478505
71568519
71568998
71886617
72084524
72128260
72145247
72232927
72668711
72972564
73043192
73279096
73350727
73726114
73754699
73953744
74130560
74188625
74290538
74417270
74682448
74824668
75098609
75281772
75335780
75381163
75386925
75577316
75792283
75793444
75825626
75959773
75986742
76152108
76618197
76877881
77300225
77627124
78177135
78941081
79260897
79563192
79759892
79769085
79947940
80022683
80028578
80060948
80112733
80165109
80204435
80240804
80442627
80524769
80600303
80670501
80818360
81140871
81299806
81307820
81407246
81572925
81667739
81699281
82600773
82740180
82744614
82815368
82908028
82928220
83233342
83401352
83538384
83623156
83648032
83701588
83927998
84291358
84337852
84562550
84681720
84700879
85196732
85292529
85303884
85319507
85430585
85694849
85900561
86072872
86220405
86300351
86460561
86575543
87031299
87165444
87394206
87895631
88429667
88683466
88730570
88746501
88765891
89397762
89855240
89894426
89905574
90098649
90152314
90164687
90432418
90491638
90722258
90906847
90938114
91245064
91320356
91688578
91689219
92171502
92193518
92254799
92701116
92754240
92757423
92862273
93005732
93047331
93356459
93370075
93694483
93825058
93993642
94058876
94306724
94345285
94464025
94590414
94605864
94757752
94802107
94957484
95198293
95214382
95448228
95536825
96009959
96049028
96065203
96273063
96292964
96356610
96803036
96812995
96900170
96921206
97071687
97136485
97210776
97628101
97746490
98164111
98331576
98738978
99267028
99533849
99941830
99984646
